0000000000000000000000000000000000000000
0000000000000000000000000100000000000000
0000000000011000000000001100000000000000
0000000000121000000000001210000000000000
0000000000122100001000012210000000000000
0000000000112100111110012110000000000000
0000000000011211111111012100000000000000
0000000000011111111111111100000000000000
0000000000001111111111111000000000000000
0000000000000111111111110000000000000000
0000000000000111111111110000000000000000
0000000000001100111110011000000000000000
0000000000001101011101011000000000000000
0000000000001111111111111000000000000000
0000000000000111111111110000000000000000
0000000000000111011101110000000000000000
0000000000000110001000110000000000000000
0000000000000110001000110000000000000000
0000000000000111111111110000000000000000
0000000000000111011101110000000000000000
0000000000000111100011110000000000000000
0000000000000011111111100000000000000000
0000000000000011111111100000000000000000
0000000000000011111111100000000000000000
0000000000000011111111100000000000000000
0000000000000011111111100000000000000000
0000000000000011111111100000000000000000
0000000000000001111111000000000000000000
0000000000000001111111000000000000000000
0000000000000001111111000000000000000000
0000000000000000000000000000000000000000