0000000000000000000000000000000000000
0000000000000011000001100000000000000
0000000000000011000001100000000000000
0000000000000021000001200000000000000
0000000000000021000001200000000000000
0000000000000011111111100000000000000
0000000000000013111113100000000000000
0000000000000011133311100000000000000
0000000000000011133311100000000000000
0000000000000021113111200000000000000
0000000000000022111112200000000000000
0000000000000022222222200000000000000
0000000000000012222222100000000000000
0000000000000011222221100000000000000
0000000000000021122211200000000000000
0000000000000022112112200000000000000
0000000000000022211122200000000000000
0000000000000022211122200000000000000
0000000000000022221222200000000000000
0000000000000022222222200001120000000
0000000000000012222222111100112000000
0000000000000011222221111110112000000
0000000000000011122211111111120000000
0000000000000011112111111111100000000
0000000000000011111111111111100000000
0000000000000011111111111111100000000
0000000000000011111111111111000000000
0000000000000011111111111111000000000
0000000000000011111111111111000000000
0000000000000011111111111111000000000
0000000000000001100001120110000000000
0000000000000001100001120110000000000
0000000000000001100001120110000000000
0000000000000001100001130110000000000
0000000000000003300003300330000000000
0000000000000000000000000000000000000
0000000000000000000000000000000000000