000000000000000000000000
000000000000000000000000
000000000000000000000000
000000000333333330000000
000000003111111113000000
000000031111111111300000
000000031111111111300000
000000031111111111300000
000000031111111111300000
000000331114311143300000
000003121113211132300000
000000311111111111300000
000000331111112111300000
000000031111112111300000
000000031111112111300000
000000031111111111300000
000000031111333331300000
000000031111111111300000
000000031111111113000000
000000031111333330000000
000000031111300000000000
000000031111300000000000
000000000000000000000000
000000000000000000000000