000000000000000000000000000000000
000000000000110000011000000000000
000000000000110000011000000000000
000000000000210000012000000000000
000000000000210000012000000000000
000000000000111111111000000000000
000000000000141111141000000000000
000000000000111444111000000000000
000000000000111444111000000000000
000000000000211141112000000000000
000000000000221111122000000000000
000000000000222222222000000000000
000000000000122222221000000000000
000000000000112222211000000000000
000000000000211222112000000000000
000000000000221121122000000000000
000000000000222111222000000000000
000000000000222111222000000000000
000000000000222212222000000000000
000000000000222222222000011200000
000000000000111111111111001120000
000000000000111111111111101120000
000000000000111111111111111200000
000000000000111111111111111000000
000000000000111111111111111000000
000000000000111111111111111000000
000000000000111111111111110000000
000000000000111111111111110000000
000000000000111111111111110000000
000000000000111111111111110000000
000000000000011000011201100000000
000000000000011000011201100000000
000000000000011000011201100000000
000000000000011000011401100000000
000000000000044000044004400000000
000000000000000000000000000000000
000000000000000000000000000000000